i 1 2028.915283 0.087036 5.000000 8.000000
i 1 2029.160278 0.070068 4.000000 8.000000
i 1 2029.370239 0.087036 5.000000 3.000000
i 1 2029.580322 0.086914 4.000000 8.000000
i 1 2029.772339 0.104980 5.000000 9.000000
i 1 2029.965332 0.069946 5.000000 8.000000
i 1 2030.210327 0.086914 5.000000 3.000000
i 1 2030.221313 0.102173 6.000000 8.000000
i 1 2030.424316 0.077026 7.000000 3.000000
i 1 2030.437256 0.088013 4.000000 8.000000
i 1 2030.646362 0.084961 6.000000 8.000000
i 1 2030.647339 0.104980 5.000000 9.000000
i 1 2030.857422 0.087891 5.000000 8.000000
i 1 2030.868286 0.077026 7.000000 3.000000
i 1 2031.077271 0.086060 6.000000 8.000000
i 1 2031.102295 0.069946 5.000000 3.000000
i 1 2031.318359 0.074951 7.000000 3.000000
i 1 2031.312256 0.088013 4.000000 8.000000
i 1 2031.540283 0.070068 5.000000 8.000000
i 1 2031.548340 0.082031 6.000000 8.000000
i 1 2031.751465 0.076904 7.000000 3.000000
i 1 2031.785278 0.087036 5.000000 9.000000
i 1 2031.991333 0.083008 6.000000 8.000000
i 1 2031.995483 0.086792 4.000000 8.000000
i 1 2032.199341 0.079956 7.000000 3.000000
i 1 2032.222290 0.088013 5.000000 9.000000
i 1 2032.415283 0.087036 5.000000 8.000000
i 1 2032.429321 0.085083 6.000000 8.000000
i 1 2032.632324 0.081055 7.000000 3.000000
i 1 2032.660278 0.070068 4.000000 8.000000
i 1 2032.870239 0.087036 5.000000 3.000000
i 1 2032.856323 0.102051 6.000000 8.000000
i 1 2033.070312 0.080078 7.000000 3.000000
i 1 2033.080322 0.086914 4.000000 8.000000
i 1 2033.272339 0.105347 5.000000 9.000000
i 1 2033.293335 0.107422 6.000000 8.000000
i 1 2033.465332 0.069946 5.000000 8.000000
i 1 2033.486328 0.083984 7.000000 3.000000
i 1 2033.710327 0.086914 5.000000 3.000000
i 1 2033.713623 0.115723 6.000000 4.000000
i 1 2033.909302 0.091064 7.000000 3.000000
i 1 2033.937256 0.088013 4.000000 8.000000
i 1 2034.125366 0.119995 6.000000 4.000000
i 1 2034.147339 0.104980 5.000000 9.000000
i 1 2034.344360 0.083984 7.000000 3.000000
i 1 2034.357300 0.088379 5.000000 8.000000
i 1 2034.602295 0.069946 5.000000 3.000000
i 1 2034.567383 0.110352 6.000000 4.000000
i 1 2034.770508 0.094849 7.000000 3.000000
i 1 2034.812256 0.088013 4.000000 8.000000
i 1 2035.040283 0.070068 5.000000 8.000000
i 1 2035.020386 0.100952 6.000000 4.000000
i 1 2035.228394 0.091919 7.000000 3.000000
i 1 2035.285278 0.087036 5.000000 9.000000
i 1 2035.471436 0.100342 6.000000 4.000000
i 1 2035.495239 0.087036 4.000000 8.000000
i 1 2035.700439 0.084961 7.000000 3.000000
i 1 2035.722534 0.087769 5.000000 9.000000
i 1 2035.915283 0.087036 5.000000 8.000000
i 1 2035.925415 0.099976 6.000000 4.000000
i 1 2036.136353 0.088989 7.000000 3.000000
i 1 2036.160278 0.070068 4.000000 8.000000
i 1 2036.370239 0.087402 5.000000 3.000000
i 1 2036.347412 0.128052 6.000000 4.000000
i 1 2036.567383 0.097046 7.000000 3.000000
i 1 2036.580322 0.086914 4.000000 8.000000
i 1 2036.772339 0.104980 5.000000 9.000000
i 1 2036.776367 0.177368 6.000000 4.000000
i 1 2036.965332 0.069946 5.000000 8.000000
i 1 2036.993408 0.087280 7.000000 3.000000
i 1 2037.199341 0.097046 6.000000 1.000000
i 1 2037.210327 0.086914 5.000000 3.000000
i 1 2037.431396 0.086060 7.000000 6.000000
i 1 2037.437256 0.088013 4.000000 8.000000
i 1 2037.647339 0.104980 5.000000 9.000000
i 1 2037.650391 0.103027 6.000000 1.000000
i 1 2037.857300 0.088013 5.000000 8.000000
i 1 2037.878418 0.078003 7.000000 6.000000
i 1 2038.102539 0.070190 5.000000 3.000000
i 1 2038.097412 0.090942 6.000000 1.000000
i 1 2038.312256 0.088013 4.000000 8.000000
i 1 2038.318359 0.084106 7.000000 6.000000
i 1 2038.540283 0.070068 5.000000 8.000000
i 1 2038.539429 0.095947 6.000000 1.000000
i 1 2038.754395 0.087036 7.000000 6.000000
i 1 2038.785278 0.087036 5.000000 9.000000
i 1 2038.969482 0.079956 6.000000 1.000000
i 1 2038.995239 0.087036 4.000000 8.000000
i 1 2039.206421 0.083008 7.000000 6.000000
i 1 2039.222290 0.088013 5.000000 9.000000
i 1 2039.415283 0.087036 5.000000 8.000000
i 1 2039.430420 0.109009 6.000000 1.000000
i 1 2039.631470 0.085938 7.000000 6.000000
i 1 2039.660278 0.070068 4.000000 8.000000
i 1 2039.870239 0.087036 5.000000 3.000000
i 1 2039.863403 0.104980 6.000000 1.000000
i 1 2040.073486 0.084351 7.000000 6.000000
i 1 2040.080322 0.086914 4.000000 8.000000
i 1 2040.272339 0.104980 5.000000 9.000000
i 1 2040.302490 0.084961 6.000000 1.000000
i 1 2040.465332 0.069946 5.000000 8.000000
i 1 2040.510498 0.073975 7.000000 6.000000
i 1 2040.710327 0.086914 5.000000 3.000000
i 1 2040.699463 0.103027 6.000000 9.000000
i 1 2040.936401 0.082031 7.000000 6.000000
i 1 2040.937256 0.088013 4.000000 8.000000
i 1 2041.126465 0.099976 6.000000 9.000000
i 1 2041.147339 0.104980 5.000000 9.000000
i 1 2041.356445 0.087036 7.000000 6.000000
i 1 2041.357300 0.088013 5.000000 8.000000
i 1 2041.573608 0.097778 6.000000 9.000000
i 1 2041.602295 0.069946 5.000000 3.000000
i 1 2041.806519 0.084961 7.000000 6.000000
i 1 2041.812256 0.088013 4.000000 8.000000
i 1 2042.040283 0.069946 5.000000 8.000000
i 1 2042.010376 0.125122 6.000000 9.000000
i 1 2042.226440 0.083984 7.000000 6.000000
i 1 2042.285278 0.087036 5.000000 9.000000
i 1 2042.458496 0.099976 6.000000 9.000000
i 1 2042.495239 0.087036 4.000000 8.000000
i 1 2042.670532 0.088257 7.000000 6.000000
i 1 2042.722290 0.088013 5.000000 9.000000
i 1 2042.895508 0.102905 6.000000 9.000000
i 1 2042.915283 0.087036 5.000000 8.000000
i 1 2043.100464 0.082031 7.000000 6.000000
i 1 2043.160278 0.070068 4.000000 8.000000
i 1 2043.333496 0.103027 6.000000 9.000000
i 1 2043.370239 0.087646 5.000000 3.000000
i 1 2043.558472 0.087036 7.000000 6.000000
i 1 2043.580322 0.086914 4.000000 8.000000
i 1 2043.772339 0.104980 5.000000 9.000000
i 1 2043.794434 0.088013 6.000000 9.000000
i 1 2043.965698 0.070068 5.000000 8.000000
i 1 2043.969482 0.073975 7.000000 6.000000
i 1 2044.210327 0.086914 5.000000 3.000000
