i 1 491.153442 0.092987 5.000000 3.000000
i 1 491.399414 0.094055 4.000000 8.000000
i 1 491.624451 0.111023 5.000000 9.000000
i 1 491.845520 0.093262 5.000000 8.000000
i 1 492.092407 0.076996 5.000000 3.000000
i 1 492.311401 0.095001 4.000000 8.000000
i 1 492.553619 0.076843 5.000000 8.000000
i 1 492.800446 0.091949 5.000000 9.000000
i 1 493.018524 0.088867 4.000000 8.000000
i 1 493.264435 0.098999 5.000000 9.000000
i 1 493.472504 0.092926 5.000000 8.000000
i 1 493.733429 0.076996 4.000000 8.000000
i 1 493.953400 0.085022 5.000000 3.000000
i 1 494.178406 0.084015 4.000000 8.000000
i 1 494.381409 0.103088 5.000000 9.000000
i 1 494.589478 0.077393 5.000000 8.000000
