i 1 536.296509 1.986023 3.000000 8.000000
i 1 536.297485 2.312012 3.000000 3.000000
i 1 538.545532 0.612976 3.000000 8.000000
i 1 538.572510 0.770996 3.000000 6.000000
i 1 539.322510 2.179077 3.000000 8.000000
i 1 539.318481 2.468079 3.000000 3.000000
i 1 541.730591 0.598999 3.000000 8.000000
i 1 541.745544 0.804016 3.000000 6.000000
i 1 542.536560 2.284058 3.000000 4.000000
i 1 542.510559 2.310059 3.000000 11.000000
i 1 544.962585 0.762024 3.000000 11.000000
i 1 544.947632 0.843933 3.000000 4.000000
i 1 545.771606 1.985046 3.000000 10.000000
i 1 545.780579 2.503052 3.000000 3.000000
i 1 548.279602 0.438049 3.000000 1.000000
i 1 548.228638 0.489990 3.000000 10.000000
