i 1 7.604981 0.262984 7.000000 3.000000
i 1 7.835982 0.315005 7.000000 4.000000
i 1 8.056969 0.268010 7.000000 8.000000
i 1 8.262980 0.269979 7.000000 11.000000
i 1 8.488001 0.250962 7.000000 3.000000
i 1 8.697997 0.331985 7.000000 4.000000
i 1 8.926988 0.232990 7.000000 8.000000
i 1 9.113980 0.213017 7.000000 11.000000
i 1 9.327024 0.264952 7.000000 3.000000
i 1 9.543093 0.329897 7.000000 4.000000
i 1 9.772992 0.209993 7.000000 8.000000
i 1 9.931973 0.290011 7.000000 11.000000
i 1 10.170002 0.231019 7.000000 3.000000
i 1 10.351995 0.344025 7.000000 4.000000
i 1 10.598014 0.212969 7.000000 8.000000
i 1 10.775999 0.234075 7.000000 11.000000
i 1 10.992032 0.253029 7.000000 3.000000
i 1 11.196098 0.390961 7.000000 4.000000
i 1 11.443044 0.213964 7.000000 8.000000
i 1 11.617992 0.208028 7.000000 11.000000
i 1 11.850168 0.260842 7.000000 3.000000
i 1 12.067134 0.422906 7.000000 4.000000
i 1 12.284025 0.261014 7.000000 8.000000
i 1 12.503011 0.296021 7.000000 11.000000
i 1 12.711047 0.261200 7.000000 3.000000
i 1 13.137027 0.213007 7.000000 8.000000
i 1 12.924036 0.487025 7.000000 4.000000
i 1 13.317040 0.350005 7.000000 11.000000
i 1 13.551085 0.277942 7.000000 3.000000
i 1 13.977046 0.201994 7.000000 8.000000
i 1 13.787047 0.448001 7.000000 4.000000
i 1 14.153052 0.227015 7.000000 11.000000
i 1 14.354041 0.280995 7.000000 3.000000
i 1 14.796062 0.259992 7.000000 8.000000
i 1 14.592065 0.532973 7.000000 4.000000
i 1 14.999068 0.188989 7.000000 10.000000
i 1 15.208040 0.250014 7.000000 3.000000
i 1 15.634063 0.191977 7.000000 8.000000
i 1 15.787082 0.162976 7.000000 10.000000
i 1 15.398075 0.605061 7.000000 4.000000
i 1 15.998055 0.257038 7.000000 3.000000
i 1 16.444174 0.166885 7.000000 8.000000
i 1 16.588083 0.148996 7.000000 10.000000
i 1 16.193058 0.626993 7.000000 4.000000
i 1 16.798080 0.265993 7.000000 3.000000
i 1 17.235079 0.168018 7.000000 8.000000
i 1 17.378696 0.160387 7.000000 10.000000
i 1 17.001167 0.623892 7.000000 4.000000
i 1 17.604078 0.282995 7.000000 3.000000
i 1 18.047087 0.180988 7.000000 8.000000
i 1 18.194090 0.145998 7.000000 10.000000
i 1 17.829090 0.615976 7.000000 4.000000
i 1 18.430111 0.250988 7.000000 3.000000
i 1 18.858112 0.163048 7.000000 8.000000
i 1 19.003103 0.144987 7.000000 10.000000
i 1 18.635105 0.600973 7.000000 4.000000
i 1 19.209106 0.265213 7.000000 3.000000
i 1 19.634108 0.195992 7.000000 8.000000
i 1 19.784107 0.158003 7.000000 10.000000
i 1 19.421120 0.615967 7.000000 4.000000
i 1 20.014099 0.267021 7.000000 3.000000
i 1 20.434132 0.209961 7.000000 8.000000
i 1 20.227114 0.423977 7.000000 4.000000
i 1 20.599127 0.119997 7.000000 10.000000
