i 1 31.679560 0.041969 4.000000 4.000000
i 1 31.763527 0.040993 4.000000 6.000000
i 1 31.845526 0.042994 4.000000 11.000000
i 1 31.929522 0.041016 5.000000 0.000000
i 1 32.011524 0.043011 4.000000 11.000000
i 1 32.095528 0.040997 4.000000 6.000000
i 1 32.178532 0.041988 4.000000 4.000000
i 1 32.261532 0.042015 4.000000 6.000000
i 1 32.344524 0.042004 4.000000 11.000000
i 1 32.427525 0.042007 5.000000 0.000000
i 1 32.510883 0.041660 4.000000 11.000000
i 1 32.593536 0.041992 4.000000 6.000000
i 1 32.676563 0.041969 4.000000 4.000000
i 1 32.759548 0.041988 4.000000 6.000000
i 1 32.842571 0.041965 4.000000 11.000000
i 1 32.925552 0.041988 5.000000 0.000000
i 1 33.008541 0.042007 4.000000 11.000000
i 1 33.091537 0.042000 4.000000 6.000000
i 1 33.174545 0.041992 4.000000 4.000000
i 1 33.257538 0.042488 4.000000 6.000000
i 1 33.340538 0.042000 4.000000 11.000000
i 1 33.423542 0.041996 5.000000 0.000000
i 1 33.506546 0.042156 4.000000 11.000000
i 1 33.589897 0.041672 4.000000 6.000000
i 1 33.672577 0.041969 4.000000 4.000000
i 1 33.755558 0.041992 4.000000 6.000000
i 1 33.838547 0.042500 4.000000 11.000000
i 1 33.921547 0.042000 5.000000 0.000000
i 1 34.004570 0.041981 4.000000 11.000000
i 1 34.087559 0.041992 4.000000 6.000000
i 1 34.170906 0.041641 4.000000 4.000000
i 1 34.253555 0.042000 4.000000 6.000000
i 1 34.336552 0.042000 4.000000 11.000000
i 1 34.419552 0.042000 5.000000 0.000000
i 1 34.502567 0.041996 4.000000 11.000000
i 1 34.585567 0.041985 4.000000 6.000000
i 1 34.668587 0.041973 4.000000 4.000000
i 1 34.751564 0.041996 4.000000 6.000000
i 1 34.834595 0.041981 4.000000 11.000000
i 1 34.917561 0.042492 5.000000 0.000000
i 1 35.000561 0.042000 4.000000 11.000000
i 1 35.083569 0.041988 4.000000 6.000000
i 1 35.166569 0.041992 4.000000 4.000000
i 1 35.249565 0.042000 4.000000 6.000000
i 1 35.332565 0.042000 4.000000 11.000000
i 1 35.415569 0.041996 5.000000 0.000000
i 1 35.498573 0.042500 4.000000 11.000000
i 1 35.581573 0.041996 4.000000 6.000000
i 1 35.664597 0.041969 4.000000 4.000000
i 1 35.747574 0.042000 4.000000 6.000000
i 1 35.830917 0.041653 4.000000 11.000000
i 1 35.913570 0.041996 5.000000 0.000000
i 1 35.996574 0.042000 4.000000 11.000000
i 1 36.079578 0.041996 4.000000 7.000000
i 1 36.162586 0.041988 4.000000 4.000000
i 1 36.245583 0.042007 4.000000 7.000000
i 1 36.328575 0.043003 4.000000 11.000000
i 1 36.412579 0.040997 5.000000 0.000000
i 1 36.494583 0.043007 4.000000 11.000000
i 1 36.578598 0.040985 4.000000 7.000000
i 1 36.661606 0.041985 4.000000 4.000000
i 1 36.744583 0.042000 4.000000 7.000000
i 1 36.827618 0.042023 4.000000 11.000000
i 1 36.910942 0.041641 5.000000 0.000000
i 1 36.993587 0.041996 4.000000 11.000000
i 1 37.076599 0.041988 4.000000 7.000000
i 1 37.159595 0.041504 4.000000 4.000000
i 1 37.242588 0.042011 4.000000 7.000000
i 1 37.325592 0.042011 4.000000 11.000000
i 1 37.408588 0.042004 5.000000 0.000000
i 1 37.491592 0.041996 4.000000 11.000000
i 1 37.574604 0.041988 4.000000 7.000000
i 1 37.657635 0.042454 4.000000 4.000000
i 1 37.740593 0.042007 4.000000 7.000000
i 1 37.823605 0.041996 4.000000 11.000000
i 1 37.906597 0.042007 5.000000 0.000000
i 1 37.989597 0.042011 4.000000 11.000000
i 1 38.072609 0.041988 4.000000 7.000000
i 1 38.155598 0.042007 4.000000 4.000000
i 1 38.238598 0.042496 4.000000 7.000000
i 1 38.321602 0.042000 4.000000 11.000000
i 1 38.404598 0.042004 5.000000 0.000000
i 1 38.487602 0.042000 4.000000 11.000000
i 1 38.570999 0.041611 4.000000 7.000000
i 1 38.653645 0.041969 4.000000 4.000000
i 1 38.736610 0.042000 4.000000 7.000000
i 1 38.819641 0.041973 4.000000 11.000000
i 1 38.902607 0.042004 5.000000 0.000000
i 1 38.985611 0.041996 4.000000 11.000000
i 1 39.068623 0.041992 4.000000 7.000000
i 1 39.151955 0.041676 4.000000 4.000000
i 1 39.234612 0.042000 4.000000 7.000000
i 1 39.317616 0.042000 4.000000 11.000000
i 1 39.400612 0.042030 5.000000 0.000000
i 1 39.483616 0.042000 4.000000 11.000000
i 1 39.566650 0.041969 4.000000 7.000000
i 1 39.649662 0.041962 4.000000 4.000000
i 1 39.732620 0.041996 4.000000 11.000000
i 1 39.815624 0.041996 5.000000 0.000000
i 1 39.898621 0.042496 4.000000 11.000000
i 1 39.981678 0.041969 4.000000 6.000000
i 1 40.064651 0.041985 4.000000 4.000000
i 1 40.147640 0.041992 4.000000 6.000000
i 1 40.230972 0.041653 4.000000 11.000000
i 1 40.313625 0.042004 5.000000 0.000000
i 1 40.396641 0.041988 4.000000 11.000000
i 1 40.479626 0.042488 4.000000 6.000000
i 1 40.562645 0.041996 4.000000 4.000000
i 1 40.645649 0.042007 4.000000 6.000000
i 1 40.728645 0.042988 4.000000 11.000000
i 1 40.812675 0.041969 5.000000 0.000000
i 1 40.895641 0.041004 4.000000 11.000000
i 1 40.977634 0.041996 4.000000 6.000000
i 1 41.060661 0.042973 4.000000 4.000000
i 1 41.144650 0.041996 4.000000 6.000000
i 1 41.227642 0.041992 4.000000 11.000000
i 1 41.310986 0.041660 5.000000 0.000000
i 1 41.393642 0.042000 4.000000 11.000000
i 1 41.476650 0.041988 4.000000 6.000000
i 1 41.559666 0.041977 4.000000 4.000000
i 1 41.644188 0.040501 4.000000 6.000000
i 1 41.725647 0.041996 4.000000 11.000000
i 1 41.808651 0.041992 5.000000 0.000000
i 1 41.891644 0.042004 4.000000 11.000000
i 1 41.974701 0.041969 4.000000 6.000000
i 1 42.057652 0.042492 4.000000 4.000000
i 1 42.140659 0.042000 4.000000 6.000000
i 1 42.223648 0.042000 4.000000 11.000000
i 1 42.306660 0.042000 5.000000 0.000000
i 1 42.389656 0.042000 4.000000 11.000000
i 1 42.472664 0.041988 4.000000 6.000000
i 1 42.555672 0.041996 4.000000 4.000000
i 1 42.638660 0.042526 4.000000 6.000000
i 1 42.721664 0.041992 4.000000 11.000000
i 1 42.804676 0.042011 5.000000 0.000000
i 1 42.887676 0.041996 4.000000 11.000000
i 1 42.971027 0.041637 4.000000 6.000000
i 1 43.053665 0.042000 4.000000 4.000000
i 1 43.136673 0.041996 4.000000 6.000000
i 1 43.219662 0.041996 4.000000 11.000000
i 1 43.302662 0.042007 5.000000 0.000000
i 1 43.385666 0.042000 4.000000 11.000000
i 1 43.468670 0.041992 4.000000 6.000000
i 1 43.552010 0.041664 4.000000 4.000000
i 1 43.634670 0.042042 4.000000 6.000000
i 1 43.717674 0.041996 4.000000 9.000000
i 1 43.800678 0.041988 5.000000 0.000000
i 1 43.883671 0.042004 4.000000 9.000000
i 1 43.966671 0.042004 4.000000 6.000000
i 1 44.049671 0.042007 4.000000 4.000000
i 1 44.132683 0.042000 4.000000 6.000000
i 1 44.215675 0.041996 4.000000 9.000000
i 1 44.298672 0.042496 5.000000 0.000000
i 1 44.381676 0.042000 4.000000 9.000000
i 1 44.464676 0.042000 4.000000 6.000000
i 1 44.547680 0.042007 4.000000 4.000000
i 1 44.631027 0.041683 4.000000 6.000000
i 1 44.713680 0.042007 4.000000 9.000000
i 1 44.796688 0.042027 5.000000 0.000000
i 1 44.879688 0.042500 4.000000 9.000000
i 1 44.962685 0.041996 4.000000 6.000000
i 1 45.045681 0.042011 4.000000 4.000000
i 1 45.128689 0.042004 4.000000 6.000000
i 1 45.212032 0.042656 4.000000 9.000000
i 1 45.295689 0.041008 5.000000 0.000000
i 1 45.377693 0.042000 4.000000 9.000000
i 1 45.461693 0.040997 4.000000 6.000000
i 1 45.543690 0.043018 4.000000 4.000000
i 1 45.627689 0.042030 4.000000 6.000000
i 1 45.711044 0.041649 4.000000 9.000000
i 1 45.793694 0.042000 4.000000 11.000000
i 1 45.876694 0.042000 5.000000 0.000000
i 1 45.959705 0.041992 4.000000 11.000000
i 1 46.042706 0.042000 4.000000 7.000000
i 1 46.125698 0.042000 4.000000 4.000000
i 1 46.208710 0.041992 4.000000 7.000000
i 1 46.292046 0.041653 4.000000 11.000000
i 1 46.374699 0.042000 5.000000 0.000000
i 1 46.457718 0.041985 4.000000 11.000000
i 1 46.540703 0.042015 4.000000 7.000000
i 1 46.623703 0.042046 4.000000 4.000000
i 1 46.706715 0.041992 4.000000 7.000000
i 1 46.789707 0.042030 4.000000 11.000000
i 1 46.872704 0.042015 5.000000 0.000000
i 1 46.955711 0.042000 4.000000 11.000000
i 1 47.038712 0.042515 4.000000 7.000000
i 1 47.121712 0.041996 4.000000 4.000000
i 1 47.204720 0.041992 4.000000 7.000000
i 1 47.287724 0.041988 4.000000 11.000000
i 1 47.371082 0.041630 5.000000 0.000000
i 1 47.453716 0.042000 4.000000 11.000000
i 1 47.536713 0.042011 4.000000 7.000000
i 1 47.619717 0.042538 4.000000 4.000000
i 1 47.702732 0.041988 4.000000 7.000000
