i 1 152.729980 0.066971 2.000000 11.000000
i 1 152.892929 0.081024 2.000000 11.000000
i 1 152.973969 0.094971 3.000000 0.000000
i 1 153.149933 0.095001 2.000000 11.000000
i 1 153.339935 0.082001 3.000000 0.000000
i 1 153.516937 0.067993 2.000000 11.000000
i 1 153.665924 0.082016 2.000000 11.000000
i 1 153.842926 0.081009 2.000000 11.000000
i 1 154.018921 0.082016 2.000000 11.000000
i 1 154.195923 0.081009 2.000000 11.000000
i 1 154.371933 0.095001 2.000000 11.000000
i 1 154.547928 0.082001 3.000000 0.000000
i 1 154.710922 0.082016 2.000000 11.000000
i 1 154.887924 0.081009 2.000000 11.000000
i 1 155.063934 0.095001 3.000000 0.000000
i 1 155.226929 0.109009 3.000000 0.000000
i 1 155.416931 0.071487 2.000000 11.000000
i 1 155.579926 0.081024 2.000000 11.000000
i 1 155.660965 0.094971 3.000000 0.000000
i 1 155.837936 0.095001 2.000000 11.000000
i 1 156.027924 0.081009 3.000000 0.000000
i 1 156.203934 0.067993 2.000000 11.000000
i 1 156.353928 0.081009 2.000000 11.000000
i 1 156.529938 0.082001 2.000000 11.000000
i 1 156.706924 0.081009 2.000000 11.000000
i 1 156.882935 0.080994 2.000000 11.000000
i 1 156.048615 1.040009 5.000000 6.000000
i 1 157.058929 0.095001 2.000000 11.000000
i 1 157.235931 0.081009 3.000000 0.000000
i 1 157.051697 0.412918 5.000000 4.000000
i 1 157.398926 0.081009 2.000000 11.000000
i 1 157.574936 0.082001 2.000000 11.000000
i 1 157.387634 0.385971 5.000000 6.000000
i 1 157.751923 0.095001 3.000000 0.000000
i 1 157.739655 0.169968 5.000000 4.000000
i 1 157.914917 0.108017 3.000000 0.000000
i 1 158.104935 0.067001 2.000000 11.000000
i 1 157.917618 0.326004 5.000000 6.000000
i 1 158.267929 0.081024 2.000000 11.000000
i 1 158.222641 0.181992 5.000000 4.000000
i 1 158.348969 0.094955 3.000000 0.000000
i 1 158.524933 0.095139 2.000000 11.000000
i 1 158.714935 0.082001 3.000000 0.000000
i 1 158.891922 0.068008 2.000000 11.000000
i 1 159.040924 0.082001 2.000000 11.000000
i 1 159.217926 0.081009 2.000000 11.000000
i 1 158.377625 1.063019 5.000000 6.000000
i 1 159.393936 0.082001 2.000000 11.000000
i 1 159.570938 0.080994 2.000000 11.000000
i 1 159.418655 0.380981 5.000000 4.000000
i 1 159.746933 0.095001 2.000000 11.000000
i 1 159.922928 0.082016 3.000000 0.000000
i 1 159.734680 0.386963 5.000000 6.000000
i 1 160.085922 0.082016 2.000000 11.000000
i 1 160.094666 0.225983 5.000000 4.000000
i 1 160.262924 0.081009 2.000000 11.000000
i 1 160.438934 0.095001 3.000000 0.000000
i 1 160.286667 0.320984 5.000000 6.000000
i 1 160.601929 0.109009 3.000000 0.000000
i 1 160.593048 0.158646 5.000000 4.000000
i 1 160.791931 0.068069 2.000000 11.000000
i 1 160.954926 0.081039 2.000000 11.000000
i 1 161.035980 0.094955 3.000000 0.000000
i 1 161.212936 0.095001 2.000000 11.000000
i 1 161.402924 0.081009 3.000000 0.000000
i 1 161.578934 0.068008 2.000000 11.000000
i 1 160.756653 1.050018 5.000000 7.000000
i 1 161.728928 0.081009 2.000000 11.000000
i 1 161.904922 0.082016 2.000000 11.000000
i 1 162.081924 0.081009 2.000000 11.000000
i 1 161.763702 0.411972 5.000000 4.000000
i 1 162.257935 0.080994 2.000000 11.000000
i 1 162.097687 0.381989 5.000000 7.000000
i 1 162.433929 0.095016 2.000000 11.000000
i 1 162.451691 0.206024 5.000000 4.000000
i 1 162.610931 0.081009 3.000000 0.000000
i 1 162.773926 0.081009 2.000000 11.000000
i 1 162.616714 0.335968 5.000000 7.000000
i 1 162.950119 0.081818 2.000000 11.000000
i 1 162.921692 0.185989 5.000000 4.000000
i 1 163.126923 0.095001 3.000000 0.000000
i 1 163.289932 0.108002 3.000000 0.000000
i 1 163.479935 0.067001 2.000000 11.000000
i 1 163.641922 0.082047 2.000000 11.000000
i 1 163.723984 0.094955 3.000000 0.000000
i 1 163.899933 0.095001 2.000000 11.000000
i 1 163.089691 1.033371 5.000000 7.000000
i 1 164.089920 0.082016 3.000000 0.000000
i 1 164.266922 0.068008 2.000000 11.000000
i 1 164.099716 0.394516 5.000000 4.000000
i 1 164.415924 0.082016 2.000000 11.000000
i 1 164.592926 0.081009 2.000000 11.000000
i 1 164.431702 0.397034 5.000000 7.000000
i 1 164.768936 0.082001 2.000000 11.000000
i 1 164.775726 0.243973 5.000000 4.000000
i 1 164.945923 0.081009 2.000000 11.000000
i 1 165.121933 0.095001 2.000000 11.000000
i 1 164.965714 0.319000 5.000000 7.000000
i 1 165.265762 0.107956 5.000000 4.000000
i 1 165.297928 0.082001 3.000000 0.000000
i 1 165.460922 0.082016 2.000000 11.000000
i 1 165.637924 0.081009 2.000000 11.000000
i 1 165.813934 0.095001 3.000000 0.000000
i 1 165.976929 0.109009 3.000000 0.000000
i 1 166.166931 0.068008 2.000000 11.000000
i 1 166.329926 0.081039 2.000000 11.000000
i 1 166.410980 0.094971 3.000000 0.000000
i 1 166.587921 0.095016 2.000000 11.000000
i 1 166.777924 0.081009 3.000000 0.000000
i 1 166.953934 0.068008 2.000000 11.000000
i 1 167.103928 0.081009 2.000000 11.000000
i 1 167.279938 0.082001 2.000000 11.000000
i 1 167.456924 0.081024 2.000000 11.000000
i 1 167.632935 0.080994 2.000000 11.000000
i 1 167.808929 0.095032 2.000000 11.000000
i 1 167.985931 0.081009 3.000000 0.000000
i 1 168.148926 0.081009 2.000000 11.000000
i 1 168.324951 0.081985 2.000000 11.000000
i 1 168.501938 0.095001 3.000000 0.000000
i 1 168.664932 0.108002 3.000000 0.000000
i 1 168.854935 0.067001 2.000000 11.000000
i 1 169.016937 0.082031 2.000000 11.000000
i 1 169.098984 0.094955 3.000000 0.000000
i 1 169.274933 0.095001 2.000000 11.000000
i 1 169.464920 0.082016 3.000000 0.000000
i 1 169.641937 0.068008 2.000000 11.000000
i 1 169.790924 0.082016 2.000000 11.000000
i 1 169.967941 0.081009 2.000000 11.000000
i 1 170.143936 0.082001 2.000000 11.000000
i 1 170.320938 0.080994 2.000000 11.000000
i 1 170.496933 0.095001 2.000000 11.000000
i 1 170.672928 0.082016 3.000000 0.000000
i 1 170.835938 0.082001 2.000000 11.000000
i 1 171.012939 0.080994 2.000000 11.000000
i 1 171.188934 0.095016 3.000000 0.000000
i 1 171.351944 0.108994 3.000000 0.000000
i 1 171.541931 0.068024 2.000000 11.000000
i 1 171.704926 0.081039 2.000000 11.000000
i 1 171.785980 0.094955 3.000000 0.000000
i 1 171.962921 0.095016 2.000000 11.000000
i 1 172.152924 0.081009 3.000000 0.000000
i 1 172.328918 0.068008 2.000000 11.000000
i 1 172.478928 0.081009 2.000000 11.000000
i 1 172.654938 0.082031 2.000000 11.000000
i 1 172.831924 0.081009 2.000000 11.000000
i 1 173.007919 0.081009 2.000000 11.000000
