i 1 754.076599 0.096924 3.000000 0.000000
i 1 754.220520 0.095032 2.000000 11.000000
i 1 754.413513 0.087097 3.000000 0.000000
i 1 754.597534 0.075989 2.000000 11.000000
i 1 754.753540 0.085999 2.000000 11.000000
i 1 754.928528 0.083008 2.000000 11.000000
i 1 755.109619 0.080872 2.000000 11.000000
i 1 755.290527 0.078003 2.000000 11.000000
i 1 755.465515 0.097046 2.000000 11.000000
i 1 755.648499 0.087036 3.000000 0.000000
i 1 755.817566 0.089966 2.000000 11.000000
i 1 755.995544 0.086060 2.000000 11.000000
i 1 756.183533 0.093994 3.000000 0.000000
i 1 756.352539 0.114014 3.000000 0.000000
i 1 756.549500 0.075012 2.000000 11.000000
i 1 756.713562 0.080994 2.000000 11.000000
