i 1 15.651687 0.063993 5.000000 0.000000
i 1 16.082695 0.079988 5.000000 0.000000
i 1 16.362692 0.057993 5.000000 0.000000
i 1 16.495689 0.066998 5.000000 0.000000
i 1 16.727690 0.071003 5.000000 0.000000
i 1 16.865694 0.089996 5.000000 0.000000
i 1 17.107697 0.098999 5.000000 2.000000
i 1 17.362698 0.098003 5.000000 4.000000
i 1 17.645699 0.077999 5.000000 0.000000
i 1 18.165718 0.075991 5.000000 0.000000
i 1 18.410717 0.065992 5.000000 0.000000
i 1 18.545708 0.071007 5.000000 0.000000
i 1 18.785713 0.066002 5.000000 0.000000
i 1 18.919720 0.079994 5.000000 0.000000
i 1 19.183725 0.084993 5.000000 2.000000
i 1 19.437723 0.088999 5.000000 4.000000
i 1 19.699728 0.077000 5.000000 0.000000
i 1 20.219742 0.060989 5.000000 0.000000
i 1 20.468737 0.056995 5.000000 0.000000
i 1 20.618732 0.055002 5.000000 0.000000
i 1 20.853737 0.064011 5.000000 0.000000
i 1 20.997740 0.080004 5.000000 0.000000
i 1 21.241747 0.081999 5.000000 2.000000
i 1 21.512747 0.092001 5.000000 4.000000
i 1 21.780750 0.378016 5.000000 5.000000
i 1 22.301758 0.410021 5.000000 4.000000
i 1 22.863773 0.332008 5.000000 2.000000
i 1 23.399778 0.352003 5.000000 4.000000
i 1 23.953787 0.141001 5.000000 0.000000
i 1 24.472790 0.083998 5.000000 0.000000
i 1 24.737785 0.059999 5.000000 0.000000
i 1 24.862787 0.083004 5.000000 0.000000
i 1 25.083797 0.065990 5.000000 0.000000
i 1 25.215790 0.085003 5.000000 0.000000
i 1 25.465797 0.084000 5.000000 2.000000
i 1 25.718796 0.088001 5.000000 4.000000
i 1 25.979801 0.077009 5.000000 0.000000
i 1 26.530815 0.074999 5.000000 0.000000
i 1 26.775808 0.061007 5.000000 0.000000
i 1 26.906815 0.077000 5.000000 0.000000
i 1 27.112816 0.062000 5.000000 0.000000
i 1 27.242813 0.079004 5.000000 0.000000
i 1 27.486820 0.079998 5.000000 2.000000
i 1 27.728825 0.082973 5.000000 4.000000
i 1 28.009848 0.079985 5.000000 0.000000
i 1 28.527834 0.065996 5.000000 0.000000
i 1 28.766832 0.064005 5.000000 0.000000
i 1 28.895840 0.077997 5.000000 0.000000
i 1 29.137846 0.069002 5.000000 0.000000
i 1 29.271839 0.090000 5.000000 0.000000
i 1 29.514843 0.090000 5.000000 2.000000
i 1 29.753847 0.101004 5.000000 4.000000
i 1 30.026857 0.072992 5.000000 0.000000
i 1 30.464859 0.087996 5.000000 0.000000
i 1 30.695856 0.100006 5.000000 0.000000
i 1 30.820860 0.109007 5.000000 5.000000
i 1 31.056860 0.130007 5.000000 5.000000
i 1 31.210865 0.079998 5.000000 4.000000
i 1 31.462873 0.088993 5.000000 2.000000
i 1 31.714876 0.098999 5.000000 4.000000
i 1 31.965874 0.086006 5.000000 0.000000
i 1 32.513885 0.063992 5.000000 0.000000
i 1 32.738880 0.063004 5.000000 0.000000
i 1 32.869884 0.078007 5.000000 0.000000
i 1 33.095886 0.063999 5.000000 0.000000
i 1 33.226891 0.086998 5.000000 0.000000
i 1 33.479889 0.080006 5.000000 2.000000
i 1 33.718895 0.102997 5.000000 4.000000
i 1 33.990902 0.076004 5.000000 0.000000
i 1 34.535908 0.075996 5.000000 0.000000
i 1 34.765907 0.067997 5.000000 0.000000
i 1 34.905907 0.078011 5.000000 0.000000
i 1 35.120918 0.073997 5.000000 0.000000
i 1 35.269917 0.096001 5.000000 0.000000
i 1 35.533924 0.083996 5.000000 2.000000
i 1 35.755924 0.116001 5.000000 4.000000
i 1 36.060928 0.082996 5.000000 0.000000
i 1 36.609932 0.073994 5.000000 0.000000
i 1 36.843933 0.070004 5.000000 0.000000
i 1 36.977932 0.080009 5.000000 0.000000
i 1 37.198940 0.075996 5.000000 0.000000
i 1 37.346935 0.082005 5.000000 0.000000
i 1 37.601940 0.083004 5.000000 2.000000
i 1 37.840946 0.072002 5.000000 4.000000
i 1 38.132957 0.347000 5.000000 5.000000
i 1 38.653957 0.373009 5.000000 4.000000
i 1 39.189957 0.308010 5.000000 2.000000
i 1 39.684963 0.348015 5.000000 4.000000
i 1 40.238972 0.121002 5.000000 0.000000
i 1 40.755985 0.074997 5.000000 0.000000
i 1 40.987991 0.074993 5.000000 0.000000
i 1 41.123981 0.090004 5.000000 0.000000
i 1 41.345985 0.074005 5.000000 0.000000
i 1 41.477985 0.112007 5.000000 0.000000
i 1 41.731995 0.102997 5.000000 2.000000
i 1 41.968998 0.097008 5.000000 4.000000
i 1 42.245003 0.096992 5.000000 0.000000
i 1 42.778008 0.071995 5.000000 0.000000
i 1 43.015015 0.074989 5.000000 0.000000
i 1 43.151012 0.081993 5.000000 0.000000
i 1 43.398029 0.076988 5.000000 0.000000
i 1 43.530014 0.119999 5.000000 0.000000
i 1 43.799019 0.089005 5.000000 2.000000
i 1 44.038025 0.108002 5.000000 4.000000
i 1 44.317024 0.089005 5.000000 0.000000
i 1 44.847031 0.074001 5.000000 0.000000
i 1 45.097034 0.081001 5.000000 0.000000
i 1 45.248425 0.083622 5.000000 0.000000
i 1 45.469044 0.083992 5.000000 0.000000
i 1 45.602043 0.100998 5.000000 0.000000
i 1 45.850040 0.095005 5.000000 2.000000
i 1 46.086056 0.100990 5.000000 4.000000
i 1 46.359051 0.084999 5.000000 0.000000
i 1 46.833057 0.080006 5.000000 0.000000
i 1 47.076061 0.104996 5.000000 0.000000
i 1 47.222061 0.085995 5.000000 5.000000
i 1 47.459064 0.122997 5.000000 5.000000
i 1 47.590057 0.094006 5.000000 4.000000
i 1 47.847061 0.107014 5.000000 2.000000
i 1 48.124077 0.094990 5.000000 4.000000
i 1 48.372074 0.084999 5.000000 0.000000
i 1 48.896088 0.071995 5.000000 0.000000
i 1 49.135082 0.061996 5.000000 0.000000
i 1 49.268085 0.074997 5.000000 0.000000
i 1 49.500084 0.067001 5.000000 0.000000
i 1 49.633083 0.084003 5.000000 0.000000
i 1 49.892094 0.081001 5.000000 2.000000
i 1 50.139099 0.089996 5.000000 4.000000
i 1 50.409103 0.074993 5.000000 0.000000
i 1 50.915108 0.066994 5.000000 0.000000
i 1 51.147102 0.067001 5.000000 0.000000
i 1 51.280106 0.076008 5.000000 0.000000
i 1 51.516113 0.066994 5.000000 0.000000
i 1 51.652111 0.088001 5.000000 0.000000
i 1 51.912121 0.085999 5.000000 2.000000
i 1 52.157127 0.093990 5.000000 4.000000
i 1 52.414120 0.076004 5.000000 0.000000
i 1 52.941132 0.077000 5.000000 0.000000
i 1 53.171131 0.069004 5.000000 0.000000
i 1 53.318134 0.078003 5.000000 0.000000
i 1 53.552139 0.074997 5.000000 0.000000
i 1 53.704136 0.084000 5.000000 0.000000
i 1 53.947147 0.073002 5.000000 2.000000
i 1 54.198154 0.077988 5.000000 4.000000
i 1 54.464153 0.470005 5.000000 5.000000
i 1 54.973148 0.496017 5.000000 4.000000
i 1 55.491154 0.519028 5.000000 2.000000
i 1 55.999168 0.487022 5.000000 4.000000
i 1 56.498169 0.198006 5.000000 0.000000
i 1 57.010181 0.079994 5.000000 0.000000
i 1 57.247177 0.067005 5.000000 0.000000
i 1 57.380180 0.084003 5.000000 0.000000
i 1 57.595181 0.073006 5.000000 0.000000
i 1 57.722187 0.093002 5.000000 0.000000
i 1 57.979191 0.094006 5.000000 2.000000
i 1 58.198193 0.122002 5.000000 4.000000
i 1 58.483196 0.090000 5.000000 0.000000
i 1 59.002209 0.080990 5.000000 0.000000
i 1 59.230206 0.070000 5.000000 0.000000
i 1 59.365204 0.082005 5.000000 0.000000
i 1 59.598206 0.080009 5.000000 0.000000
i 1 59.741211 0.096004 5.000000 0.000000
i 1 59.995216 0.097008 5.000000 2.000000
i 1 60.240219 0.100998 5.000000 4.000000
i 1 60.509220 0.093002 5.000000 0.000000
i 1 61.051228 0.074997 5.000000 0.000000
i 1 61.277233 0.076996 5.000000 0.000000
i 1 61.421234 0.077999 5.000000 0.000000
i 1 61.649235 0.075996 5.000000 0.000000
i 1 61.782234 0.100002 5.000000 0.000000
i 1 62.028244 0.089993 5.000000 2.000000
i 1 62.272243 0.096996 5.000000 4.000000
i 1 62.545246 0.086998 5.000000 0.000000
i 1 63.005257 0.077995 5.000000 0.000000
i 1 63.251255 0.102997 5.000000 0.000000
i 1 63.382248 0.091011 5.000000 5.000000
i 1 63.615257 0.109001 5.000000 5.000000
i 1 63.743256 0.098000 5.000000 4.000000
i 1 64.007271 0.084000 5.000000 2.000000
i 1 64.255264 0.093002 5.000000 4.000000
i 1 64.500267 0.083000 5.000000 0.000000
i 1 65.019279 0.069992 5.000000 0.000000
i 1 65.246277 0.063004 5.000000 0.000000
i 1 65.387283 0.066994 5.000000 0.000000
i 1 65.621284 0.071022 5.000000 0.000000
i 1 65.758286 0.095993 5.000000 0.000000
i 1 66.020294 0.085991 5.000000 2.000000
i 1 66.270287 0.090004 5.000000 4.000000
i 1 66.543297 0.073997 5.000000 0.000000
i 1 67.055305 0.076988 5.000000 0.000000
i 1 67.283302 0.072998 5.000000 0.000000
i 1 67.418304 0.078995 5.000000 0.000000
i 1 67.649307 0.076996 5.000000 0.000000
i 1 67.793304 0.090004 5.000000 0.000000
i 1 68.039322 0.082993 5.000000 2.000000
i 1 68.274315 0.089005 5.000000 4.000000
i 1 68.544319 0.076996 5.000000 0.000000
i 1 69.057327 0.072990 5.000000 0.000000
i 1 69.287331 0.070000 5.000000 0.000000
i 1 69.427322 0.084007 5.000000 0.000000
i 1 69.649338 0.081993 5.000000 0.000000
i 1 69.814331 0.093002 5.000000 0.000000
i 1 70.047340 0.093994 5.000000 2.000000
i 1 70.282341 0.093002 5.000000 4.000000
i 1 70.554344 0.418007 5.000000 5.000000
i 1 71.100349 0.288002 5.000000 4.000000
i 1 71.588371 0.304993 5.000000 2.000000
i 1 72.088371 0.310989 5.000000 4.000000
i 1 72.598366 0.156006 5.000000 0.000000
i 1 73.099373 0.087997 5.000000 0.000000
i 1 73.329376 0.073997 5.000000 0.000000
i 1 73.475380 0.081001 5.000000 0.000000
i 1 73.696381 0.068001 5.000000 0.000000
i 1 73.829384 0.100006 5.000000 0.000000
i 1 74.088394 0.090988 5.000000 2.000000
i 1 74.313385 0.113007 5.000000 4.000000
i 1 74.597389 0.081001 5.000000 0.000000
i 1 75.103401 0.074997 5.000000 0.000000
i 1 75.327400 0.079002 5.000000 0.000000
i 1 75.462402 0.087997 5.000000 0.000000
i 1 75.691399 0.078003 5.000000 0.000000
i 1 75.833405 0.099998 5.000000 0.000000
i 1 76.094421 0.089989 5.000000 2.000000
i 1 76.326408 0.113007 5.000000 4.000000
i 1 76.606415 0.085999 5.000000 0.000000
i 1 77.099426 0.071991 5.000000 0.000000
i 1 77.334427 0.074997 5.000000 0.000000
i 1 77.481422 0.083000 5.000000 0.000000
i 1 77.718422 0.083008 5.000000 0.000000
i 1 77.848427 0.122009 5.000000 0.000000
i 1 78.089439 0.093002 5.000000 2.000000
i 1 78.334435 0.094002 5.000000 4.000000
i 1 78.613441 0.088997 5.000000 0.000000
i 1 79.062454 0.083984 5.000000 0.000000
i 1 79.312447 0.111000 5.000000 0.000000
i 1 79.449448 0.110008 5.000000 5.000000
i 1 79.691452 0.117004 5.000000 5.000000
i 1 79.838455 0.111008 5.000000 4.000000
i 1 80.097466 0.104988 5.000000 2.000000
i 1 80.352455 0.103004 5.000000 4.000000
i 1 80.613457 0.080009 5.000000 0.000000
