i 1 962.664673 0.333008 4.000000 1.000000
i 1 963.077698 0.229004 4.000000 8.000000
i 1 962.857666 0.606018 4.000000 5.000000
i 1 963.466675 0.302002 4.000000 1.000000
i 1 963.259705 0.631958 5.000000 1.000000
i 1 963.890686 0.252014 4.000000 8.000000
i 1 963.653687 0.715027 4.000000 5.000000
i 1 964.295715 0.296997 4.000000 1.000000
i 1 964.092712 0.669983 5.000000 1.000000
i 1 964.740723 0.261963 4.000000 8.000000
i 1 964.514709 0.689026 4.000000 5.000000
i 1 965.141724 0.250000 4.000000 1.000000
i 1 964.936707 0.656006 5.000000 1.000000
i 1 965.564697 0.267029 4.000000 8.000000
i 1 965.323730 0.679016 4.000000 5.000000
i 1 965.953735 0.411011 4.000000 4.000000
i 1 965.781738 0.643005 5.000000 1.000000
i 1 966.420715 0.289001 4.000000 11.000000
i 1 966.195740 0.651001 4.000000 8.000000
i 1 966.802734 0.328003 4.000000 4.000000
i 1 966.648743 0.625977 5.000000 1.000000
i 1 967.234741 0.268005 4.000000 11.000000
i 1 967.019714 0.678040 4.000000 8.000000
i 1 967.658752 0.299011 4.000000 4.000000
i 1 967.452759 0.664001 5.000000 1.000000
i 1 968.065735 0.283020 4.000000 11.000000
i 1 967.860718 0.679016 4.000000 8.000000
i 1 968.492737 0.311035 4.000000 4.000000
i 1 968.289734 0.666016 5.000000 1.000000
i 1 968.919739 0.261047 4.000000 11.000000
i 1 968.693787 0.687988 4.000000 8.000000
i 1 969.342773 0.405029 4.000000 6.000000
i 1 969.126770 0.687012 5.000000 1.000000
i 1 969.794739 0.259705 4.000000 11.000000
i 1 969.592773 0.643005 4.000000 10.000000
i 1 970.195801 0.309998 4.000000 6.000000
i 1 970.000793 0.690002 5.000000 1.000000
i 1 970.628784 0.295044 4.000000 11.000000
i 1 970.411804 0.688965 4.000000 10.000000
i 1 971.047791 0.291992 4.000000 6.000000
i 1 970.861755 0.666016 5.000000 1.000000
i 1 971.478821 0.269958 4.000000 11.000000
i 1 971.269775 0.691040 4.000000 10.000000
i 1 971.897827 0.255981 4.000000 6.000000
i 1 971.683838 0.678955 5.000000 1.000000
i 1 972.311829 0.286987 4.000000 11.000000
i 1 972.096802 0.666016 4.000000 10.000000
i 1 972.762817 0.344971 4.000000 3.000000
i 1 972.531799 0.702026 5.000000 1.000000
i 1 973.186829 0.282959 4.000000 10.000000
i 1 972.961792 0.740051 4.000000 7.000000
i 1 973.619812 0.357056 4.000000 3.000000
i 1 973.415833 0.695984 5.000000 1.000000
i 1 974.059814 0.271057 4.000000 10.000000
i 1 973.855835 0.682007 4.000000 7.000000
i 1 974.479858 0.398987 4.000000 3.000000
i 1 974.272827 0.697021 5.000000 1.000000
i 1 974.933838 0.273010 4.000000 9.000000
i 1 974.720825 0.630005 4.000000 6.000000
i 1 975.325867 0.307983 4.000000 3.000000
i 1 975.148865 0.643005 5.000000 1.000000
i 1 975.738831 0.257019 4.000000 9.000000
i 1 975.527832 0.557007 4.000000 6.000000
i 1 975.925842 0.216980 5.000000 1.000000
