i 1 5.443256 0.082980 3.000000 1.000000
i 1 5.702240 0.079000 3.000000 1.000000
i 1 5.948238 0.071002 3.000000 1.000000
i 1 6.206244 0.067997 3.000000 1.000000
i 1 6.463250 0.068993 3.000000 1.000000
i 1 6.721251 0.060997 3.000000 1.000000
i 1 6.982250 0.053003 3.000000 1.000000
i 1 7.220254 0.071002 3.000000 1.000000
i 1 7.479262 0.065999 3.000000 1.000000
i 1 7.744268 0.060991 3.000000 1.000000
i 1 8.018262 0.054003 3.000000 1.000000
i 1 8.271274 0.057992 3.000000 1.000000
i 1 8.523280 0.058991 3.000000 1.000000
i 1 8.794274 0.062002 3.000000 1.000000
i 1 9.043278 0.063999 3.000000 1.000000
i 1 9.276281 0.069000 3.000000 1.000000
i 1 9.548279 0.075006 3.000000 7.000000
i 1 9.769285 0.111000 3.000000 9.000000
i 1 10.021287 0.094003 3.000000 9.000000
i 1 10.268291 0.092998 3.000000 9.000000
i 1 10.532299 0.092998 3.000000 9.000000
i 1 10.774299 0.095004 3.000000 9.000000
i 1 11.023305 0.085999 3.000000 9.000000
i 1 11.294303 0.100006 3.000000 9.000000
i 1 11.540308 0.109003 3.000000 9.000000
i 1 11.800315 0.087996 3.000000 9.000000
i 1 12.040315 0.104003 3.000000 9.000000
i 1 12.299318 0.115005 3.000000 9.000000
i 1 12.554318 0.074002 3.000000 8.000000
i 1 12.799323 0.069003 3.000000 8.000000
i 1 13.047329 0.072001 3.000000 8.000000
i 1 13.285327 0.077003 3.000000 8.000000
i 1 13.558337 0.069994 3.000000 1.000000
i 1 13.797338 0.064995 3.000000 1.000000
i 1 14.061345 0.066993 3.000000 1.000000
i 1 14.323341 0.064005 3.000000 1.000000
i 1 14.574347 0.067999 3.000000 1.000000
i 1 14.827349 0.060999 3.000000 1.000000
i 1 15.072354 0.061002 3.000000 1.000000
i 1 15.337354 0.056009 3.000000 1.000000
i 1 15.577355 0.056005 3.000000 1.000000
i 1 15.842360 0.065003 3.000000 1.000000
i 1 16.090366 0.063995 3.000000 1.000000
i 1 16.358368 0.063002 3.000000 1.000000
i 1 16.614372 0.059999 3.000000 1.000000
i 1 16.887377 0.057997 3.000000 1.000000
i 1 17.153374 0.061005 3.000000 1.000000
i 1 17.412384 0.071999 3.000000 1.000000
i 1 17.652386 0.084002 3.000000 9.000000
i 1 17.898386 0.078999 3.000000 9.000000
i 1 18.185389 0.066000 3.000000 9.000000
i 1 18.413397 0.097000 3.000000 9.000000
i 1 18.683399 0.071997 3.000000 9.000000
i 1 18.947399 0.073002 3.000000 9.000000
i 1 19.173409 0.074997 3.000000 9.000000
i 1 19.437408 0.076996 3.000000 9.000000
i 1 19.687408 0.074001 3.000000 9.000000
i 1 19.934408 0.084021 3.000000 9.000000
i 1 20.208416 0.087996 3.000000 9.000000
i 1 20.453421 0.123007 3.000000 9.000000
i 1 20.698420 0.059004 3.000000 8.000000
i 1 20.944422 0.059999 3.000000 8.000000
i 1 21.200428 0.058996 3.000000 8.000000
i 1 21.441431 0.048996 3.000000 8.000000
