i 1 2364.769043 0.282959 4.000000 9.000000
i 1 2364.557129 0.565918 4.000000 6.000000
i 1 2364.981934 0.212158 5.000000 1.000000
i 1 2365.194092 0.353027 4.000000 1.000000
i 1 2365.617920 0.211914 4.000000 8.000000
i 1 2365.406006 0.635742 4.000000 5.000000
i 1 2366.041992 0.281982 4.000000 1.000000
i 1 2365.830078 0.635986 5.000000 1.000000
i 1 2366.466064 0.282959 4.000000 8.000000
i 1 2366.253906 0.707031 4.000000 5.000000
i 1 2366.889893 0.283203 4.000000 1.000000
i 1 2366.677979 0.707031 5.000000 1.000000
i 1 2367.313965 0.283203 4.000000 8.000000
i 1 2365.149658 2.618164 6.000000 1.000000
i 1 2367.102051 0.707031 4.000000 5.000000
i 1 2367.738525 0.282471 4.000000 1.000000
i 1 2367.526123 0.635742 5.000000 1.000000
i 1 2368.161865 0.283203 4.000000 8.000000
i 1 2367.743164 0.825684 6.000000 8.000000
i 1 2367.949951 0.707031 4.000000 5.000000
i 1 2368.515869 0.424072 4.000000 4.000000
i 1 2368.374023 0.635986 5.000000 1.000000
i 1 2368.939941 0.281982 4.000000 11.000000
i 1 2368.728027 0.635986 4.000000 8.000000
i 1 2369.292969 0.353027 4.000000 4.000000
i 1 2369.151855 0.636230 5.000000 1.000000
i 1 2369.717041 0.282959 4.000000 11.000000
i 1 2369.505127 0.706787 4.000000 8.000000
i 1 2370.141113 0.282959 4.000000 4.000000
i 1 2369.928955 0.635986 5.000000 1.000000
i 1 2370.564941 0.282959 4.000000 11.000000
i 1 2368.531982 2.410889 6.000000 6.000000
i 1 2370.353027 0.707031 4.000000 8.000000
i 1 2370.989014 0.282959 4.000000 4.000000
i 1 2370.776855 0.636230 5.000000 1.000000
i 1 2371.413086 0.282715 4.000000 11.000000
i 1 2370.942871 0.870361 6.000000 4.000000
i 1 2371.201172 0.707764 4.000000 8.000000
i 1 2371.838135 0.423828 4.000000 6.000000
i 1 2371.625000 0.707031 5.000000 1.000000
i 1 2372.332031 0.282959 4.000000 11.000000
i 1 2372.119873 0.635986 4.000000 10.000000
i 1 2372.756104 0.283447 4.000000 6.000000
i 1 2372.543945 0.707031 5.000000 1.000000
i 1 2373.179932 0.282959 4.000000 11.000000
i 1 2372.968018 0.707031 4.000000 10.000000
i 1 2373.605225 0.281738 4.000000 6.000000
i 1 2373.391846 0.637207 5.000000 1.000000
i 1 2374.029053 0.281982 4.000000 11.000000
i 1 2371.778076 2.649658 5.000000 10.000000
i 1 2373.817139 0.705811 4.000000 10.000000
i 1 2374.453125 0.282959 4.000000 6.000000
i 1 2374.240967 0.706055 5.000000 1.000000
i 1 2374.876953 0.282959 4.000000 11.000000
i 1 2374.399170 0.888184 5.000000 6.000000
i 1 2374.665039 0.636230 4.000000 10.000000
i 1 2375.301514 0.352539 4.000000 3.000000
i 1 2375.088867 0.707275 5.000000 1.000000
i 1 2375.724854 0.283203 4.000000 10.000000
i 1 2375.512939 0.707031 4.000000 7.000000
i 1 2376.149170 0.352783 4.000000 3.000000
i 1 2375.937012 0.707764 5.000000 1.000000
i 1 2376.572998 0.282959 4.000000 10.000000
i 1 2376.361084 0.706787 4.000000 7.000000
i 1 2376.997070 0.423828 4.000000 3.000000
i 1 2376.784912 0.707031 5.000000 1.000000
i 1 2377.420898 0.283203 4.000000 9.000000
i 1 2377.208984 0.635986 4.000000 6.000000
i 1 2375.274414 2.694580 5.000000 7.000000
i 1 2377.844971 0.282959 4.000000 3.000000
i 1 2377.633057 0.635986 5.000000 1.000000
i 1 2378.269043 0.282959 4.000000 9.000000
i 1 2378.056885 0.566162 4.000000 6.000000
i 1 2377.887939 0.741455 5.000000 8.000000
