i 1 2.743764 0.106576  4.000000 9.000000
i 1 2.986395 0.106576  5.000000 2.000000
i 1 3.190476 0.106576  5.000000 4.000000
i 1 3.433107 0.077098  5.000000 6.000000
i 1 3.671201 0.083900  4.000000 9.000000
i 1 3.934240 0.095238  5.000000 2.000000
i 1 4.154195 0.095238  5.000000 4.000000
i 1 4.356009 0.079365  5.000000 6.000000
i 1 4.619048 0.065760  4.000000 9.000000
i 1 4.857143 0.099773  5.000000 2.000000
i 1 5.058957 0.113379  5.000000 4.000000
i 1 5.285714 0.095238  5.000000 6.000000
i 1 5.535147 0.102041  4.000000 9.000000
i 1 5.807256 0.095238  5.000000 2.000000
i 1 6.018141 0.099773  5.000000 4.000000
i 1 6.242630 0.095238  5.000000 6.000000
i 1 6.696145 0.002268  4.000000 7.000000
i 1 6.877551 0.117914  4.000000 7.000000
i 1 7.480726 0.111111  4.000000 9.000000
i 1 7.927438 0.113379  5.000000 0.000000
i 1 8.210884 0.072561  5.000000 2.000000
i 1 8.671201 0.088435  4.000000 7.000000
i 1 8.931973 0.070295  4.000000 9.000000
i 1 9.215420 0.049887  5.000000 0.000000
i 1 9.356009 0.274376  5.000000 2.000000
i 1 9.628118 0.113379  4.000000 7.000000
i 1 9.888889 0.083900  4.000000 9.000000
i 1 10.145125 0.099773  5.000000 0.000000
i 1 10.340136 0.090703  5.000000 2.000000
i 1 10.585034 0.113379  4.000000 7.000000
i 1 10.818594 0.083900  4.000000 9.000000
i 1 11.049887 0.124717  5.000000 0.000000
i 1 11.258503 0.090703  5.000000 2.000000
i 1 11.816327 0.113379  4.000000 7.000000
i 1 12.036281 0.079365  4.000000 9.000000
i 1 12.281179 0.088435  4.000000 11.000000
i 1 12.514739 0.092971  5.000000 2.000000
i 1 12.739229 0.106576  4.000000 7.000000
i 1 12.995465 0.070295  4.000000 9.000000
i 1 13.197279 0.095238  4.000000 11.000000
i 1 13.430839 0.088435  5.000000 2.000000
i 1 13.684807 0.095238  4.000000 7.000000
i 1 13.941043 0.072561  4.000000 9.000000
i 1 14.167800 0.151927  4.000000 11.000000
i 1 14.383220 0.095238  5.000000 2.000000
i 1 14.637188 0.147391  4.000000 7.000000
i 1 14.882086 0.058957  4.000000 9.000000
i 1 15.253968 0.081633  4.000000 11.000000
i 1 15.514739 0.083900  5.000000 2.000000
i 1 15.995465 0.124717  4.000000 7.000000
i 1 16.269841 0.081633  4.000000 9.000000
i 1 16.460317 0.083900  4.000000 10.000000
i 1 16.732426 0.251701  5.000000 2.000000
i 1 17.011338 0.131519  4.000000 7.000000
i 1 17.301587 0.083900  4.000000 9.000000
i 1 17.517007 0.077098  4.000000 10.000000
i 1 17.784580 0.070295  5.000000 2.000000
i 1 18.358277 0.106576  4.000000 5.000000
i 1 18.619048 0.072561  4.000000 7.000000
i 1 19.344671 0.079365  4.000000 9.000000
i 1 20.315193 0.083900  5.000000 2.000000
i 1 20.761905 0.140590  4.000000 5.000000
i 1 21.052154 0.083900  4.000000 7.000000
i 1 21.390023 0.081633  4.000000 9.000000
i 1 21.743764 0.070295  5.000000 2.000000
