i 1 3.285967 0.089970 6.000000 0.000000
i 1 3.668946 0.162993 6.000000 0.000000
i 1 3.802945 0.114998 6.000000 2.000000
i 1 4.397946 0.088001 6.000000 0.000000
i 1 5.001961 0.271994 6.000000 0.000000
i 1 5.216957 0.209002 6.000000 2.000000
i 1 5.413962 0.237003 6.000000 4.000000
i 1 5.621968 0.103995 6.000000 0.000000
i 1 6.235973 0.090996 6.000000 0.000000
i 1 6.652977 0.225001 6.000000 0.000000
i 1 6.829977 0.120002 6.000000 2.000000
i 1 7.431984 0.089996 6.000000 0.000000
i 1 8.048993 0.252995 6.000000 0.000000
i 1 8.250998 0.214992 6.000000 2.000000
i 1 8.433990 0.316006 6.000000 4.000000
i 1 8.719997 0.132998 6.000000 7.000000
i 1 8.690997 0.191001 6.000000 5.000000
