i 2 0.000000 0.299320  9.000000 4.000000
i 2 0.444444 0.299320  9.000000 4.000000
i 2 0.891156 0.299320  9.000000 4.000000
i 2 1.188209 0.299320  9.000000 1.000000
i 2 1.632653 0.299320  9.000000 3.000000
i 2 2.077098 0.299320  9.000000 4.000000
i 2 2.374150 0.299320  9.000000 8.000000
i 2 2.820862 0.299320  9.000000 3.000000
i 2 3.265306 0.299320  9.000000 4.000000
i 2 3.562358 0.299320  9.000000 9.000000
i 2 4.006803 0.299320  9.000000 8.000000
i 2 4.453515 0.299320  9.000000 6.000000
i 2 4.750567 0.299320  9.000000 4.000000
i 2 5.195011 0.299320  9.000000 4.000000
i 2 5.641723 0.297052  9.000000 4.000000
i 2 5.936508 0.299320  9.000000 1.000000
i 2 6.383220 0.299320  9.000000 3.000000
i 2 6.827664 0.299320  9.000000 4.000000
i 2 7.124717 0.299320  9.000000 8.000000
i 2 7.571429 0.297052  9.000000 3.000000
i 2 8.015873 0.299320  9.000000 4.000000
i 2 8.312925 0.299320  9.000000 9.000000
i 2 8.757370 0.299320  9.000000 8.000000
i 2 9.204082 0.299320  9.000000 6.000000
