i 1 5.841918 0.084992 3.000000 9.000000
i 1 6.096900 0.084001 3.000000 9.000000
i 1 6.350904 0.085001 3.000000 9.000000
i 1 6.605901 0.085001 3.000000 9.000000
i 1 6.860908 0.085002 3.000000 9.000000
i 1 7.114902 0.085002 3.000000 8.000000
i 1 7.369897 0.085008 3.000000 8.000000
i 1 7.624900 0.085015 3.000000 8.000000
i 1 7.879905 0.084006 3.000000 8.000000
i 1 8.133902 0.085008 3.000000 1.000000
i 1 8.388902 0.085006 3.000000 1.000000
i 1 8.643904 0.085004 3.000000 1.000000
i 1 8.897900 0.085009 3.000000 1.000000
i 1 9.152901 0.085005 3.000000 1.000000
i 1 9.407900 0.085007 3.000000 1.000000
i 1 9.662906 0.084006 3.000000 1.000000
i 1 9.916901 0.085010 3.000000 1.000000
i 1 10.171903 0.085007 3.000000 1.000000
i 1 10.426907 0.085003 3.000000 1.000000
