i 1 127.830933 0.080994 3.000000 1.000000
i 1 127.841927 0.082001 4.000000 4.000000
i 1 128.262955 0.084976 4.000000 4.000000
i 1 128.402939 0.065018 3.000000 1.000000
i 1 128.707947 0.098999 4.000000 4.000000
i 1 128.996933 0.074005 4.000000 1.000000
i 1 128.992950 0.080994 3.000000 1.000000
i 1 129.408951 0.084000 4.000000 3.000000
i 1 129.589951 0.074005 3.000000 1.000000
i 1 129.859970 0.082993 4.000000 4.000000
i 1 130.166962 0.077988 4.000000 8.000000
i 1 130.193954 0.098999 3.000000 11.000000
i 1 130.581970 0.085007 4.000000 3.000000
i 1 130.752960 0.108017 3.000000 11.000000
i 1 131.021973 0.087997 4.000000 4.000000
i 1 131.342972 0.110001 4.000000 9.000000
i 1 131.357971 0.100998 3.000000 11.000000
i 1 131.754990 0.080994 4.000000 8.000000
i 1 131.926987 0.102005 3.000000 11.000000
i 1 132.191986 0.078995 4.000000 6.000000
