i 1 24.578922 0.302998 3.000000 9.000000
i 1 24.313925 0.620003 3.000000 2.000000
i 1 24.837934 0.585991 4.000000 2.000000
i 1 25.396954 0.309980 3.000000 9.000000
i 1 25.123959 0.606981 3.000000 2.000000
i 1 25.658932 0.578005 4.000000 2.000000
i 1 25.933933 0.575008 3.000000 2.000000
i 1 26.193949 0.341009 3.000000 9.000000
i 1 26.474941 0.566004 4.000000 2.000000
i 1 26.736956 0.565992 3.000000 2.000000
i 1 26.988953 0.324995 3.000000 9.000000
i 1 27.268963 0.588991 4.000000 2.000000
i 1 27.812967 0.319992 3.000000 7.000000
i 1 27.567976 0.624996 3.000000 3.000000
i 1 28.088964 0.591005 4.000000 2.000000
i 1 28.620975 0.321997 3.000000 7.000000
i 1 28.345980 0.635990 3.000000 3.000000
i 1 28.885998 0.582979 4.000000 2.000000
i 1 29.414001 0.332989 3.000000 7.000000
i 1 29.142977 0.621004 3.000000 3.000000
i 1 29.681988 0.601002 4.000000 2.000000
i 1 29.944986 0.500008 3.000000 3.000000
i 1 30.215006 0.323982 3.000000 7.000000
i 1 30.482004 0.592007 4.000000 2.000000
i 1 31.023005 0.339998 3.000000 10.000000
i 1 30.753002 0.613005 3.000000 5.000000
i 1 31.307009 0.575001 4.000000 2.000000
i 1 31.830015 0.327997 3.000000 10.000000
i 1 31.577009 0.612024 3.000000 5.000000
i 1 32.107044 0.596977 4.000000 2.000000
i 1 32.643024 0.337994 3.000000 10.000000
i 1 32.366013 0.624004 3.000000 5.000000
i 1 32.928032 0.579998 4.000000 2.000000
i 1 33.169029 0.555000 3.000000 5.000000
i 1 33.440037 0.316010 3.000000 10.000000
i 1 33.711224 0.585812 4.000000 2.000000
i 1 34.246044 0.313000 3.000000 7.000000
i 1 33.968037 0.674007 3.000000 4.000000
i 1 34.511063 0.589985 4.000000 2.000000
i 1 35.047062 0.308987 3.000000 7.000000
i 1 34.772068 0.741985 3.000000 4.000000
i 1 35.309059 0.598999 4.000000 2.000000
i 1 35.847073 0.330994 3.000000 7.000000
i 1 35.618053 0.640030 3.000000 4.000000
i 1 36.127071 0.581059 4.000000 2.000000
i 1 36.637074 0.318993 3.000000 7.000000
i 1 36.365059 0.636024 3.000000 4.000000
i 1 36.901073 0.274014 4.000000 2.000000
