i 1 664.592285 0.279419 5.000000 3.000000
i 1 664.390320 0.585999 4.000000 0.000000
i 1 664.838318 0.434998 5.000000 7.000000
i 1 665.254944 0.253357 5.000000 3.000000
i 1 665.073303 0.536987 4.000000 0.000000
i 1 665.467346 0.466980 5.000000 7.000000
i 1 665.895325 0.253967 5.000000 3.000000
i 1 665.696289 0.558044 4.000000 0.000000
i 1 666.101318 0.505005 5.000000 7.000000
i 1 666.565308 0.239014 5.000000 3.000000
i 1 666.344299 0.546021 4.000000 0.000000
i 1 666.762329 0.476013 5.000000 7.000000
i 1 667.207336 0.261963 5.000000 5.000000
i 1 667.003357 0.578003 4.000000 0.000000
i 1 667.410339 0.514893 5.000000 9.000000
i 1 667.878967 0.245361 5.000000 5.000000
i 1 667.667297 0.586060 4.000000 0.000000
i 1 668.076355 0.484009 5.000000 9.000000
i 1 668.526367 0.253967 5.000000 5.000000
i 1 668.326355 0.528992 4.000000 0.000000
i 1 668.723328 0.476013 5.000000 9.000000
i 1 669.162354 0.260620 5.000000 5.000000
i 1 668.961304 0.592041 4.000000 0.000000
i 1 669.367371 0.417969 5.000000 9.000000
i 1 669.763367 0.291016 5.000000 7.000000
i 1 669.567322 0.571045 4.000000 2.000000
i 1 669.995361 0.477966 5.000000 11.000000
i 1 670.441467 0.252869 5.000000 7.000000
i 1 670.214355 0.534973 4.000000 2.000000
i 1 670.631348 0.476990 5.000000 11.000000
i 1 671.059998 0.255371 5.000000 7.000000
i 1 670.835388 0.565002 4.000000 2.000000
i 1 671.260376 0.494995 5.000000 11.000000
i 1 671.710022 0.248352 5.000000 7.000000
i 1 671.490356 0.629028 4.000000 2.000000
i 1 671.899353 0.486023 5.000000 11.000000
i 1 672.347351 0.289001 5.000000 8.000000
i 1 672.159363 0.552002 4.000000 3.000000
i 1 672.583374 0.481995 6.000000 0.000000
i 1 673.008362 0.262024 5.000000 8.000000
i 1 672.806396 0.630005 4.000000 3.000000
i 1 673.218384 0.477905 6.000000 0.000000
i 1 673.647400 0.276978 5.000000 8.000000
i 1 673.452393 0.563965 4.000000 7.000000
i 1 673.861389 0.450012 6.000000 0.000000
i 1 674.265381 0.247009 5.000000 8.000000
i 1 674.079346 0.522034 4.000000 7.000000
i 1 674.459412 0.223999 6.000000 0.000000
